3.965978475545 3.613345258987 2.376910413138 1.771529491512 0.071534439180 0.000000075713 0.000000000002 0.000000000000 0.049530984103 0.000000688017 0.842741303515 
3.924947993049 3.756449455203 2.336028990888 1.780376869255 0.044052531091 0.000000080075 0.000000000002 0.000000000000 0.022687269785 0.000000360601 0.734026399021 
3.858844122228 3.619370602773 2.334862575651 1.746976513592 0.057488010282 0.000000031796 0.000000000006 0.000000000000 0.007617253496 0.000000160003 0.811386707393 
4.066255935982 3.748624242807 2.398346017666 1.832855309207 0.053804219271 0.000001262874 0.000000000006 0.000000000000 0.000000407751 0.000000000011 0.843454672153 
4.150219371279 3.724608715890 2.335737823065 1.765843213928 0.039622973983 0.000000626983 0.000000000001 0.000000000000 0.012156034196 0.000000016316 0.751804966873 
3.888066469685 3.730169817029 2.420280357012 1.808855350356 0.048768048888 0.000000318147 0.000000000000 0.000000000000 0.035557240280 0.000000150252 0.825456637314 
4.029015898950 3.724939693842 2.506218597258 1.845274669575 0.042412794038 0.000000475231 0.000000000005 0.000000000000 0.041519709722 0.000000109219 0.778676767021 
3.721913350018 3.489340987650 2.303194456851 1.722789392484 0.065343508734 0.000000267925 0.000000000005 0.000000000000 0.053849372186 0.000002035282 0.704334845799 
4.040778118315 3.648776201933 2.458724976069 1.731499358526 0.070318295687 0.000001171637 0.000000000006 0.000000000000 0.021342628190 0.000001195818 0.770652140547 
3.935824324907 3.710245935214 2.396708787331 1.748169588043 0.036321449729 0.000000014309 0.000000000000 0.000000000000 0.029197428295 0.000000509190 0.803882164826 
3.870567088206 3.714220965196 2.371092357579 1.747563458596 0.047809328614 0.000000196719 0.000000000003 0.000000000000 0.006905019044 0.000000074716 0.808370015579 
4.012913507108 3.557200340531 2.400115243801 1.793606661376 0.029299870950 0.000000024091 0.000000000000 0.000000000000 0.029252004209 0.000000346757 0.743139918064 
3.834268144954 3.632784557756 2.225425742491 1.746324395501 0.061569844994 0.000000077229 0.000000000002 0.000000000000 0.035678143875 0.000000095464 0.762197193782 
3.904968220130 3.721474847974 2.466864027925 1.729553775746 0.061899237229 0.000000145077 0.000000000006 0.000000000000 0.034020230042 0.000000113372 0.834991130207 
4.149885805043 3.622030828712 2.528173382332 1.756830084727 0.050596529541 0.000000222858 0.000000000002 0.000000000000 0.022421110422 0.000000716752 0.755085313167 
4.154218802160 3.746495881467 2.393800079804 1.740916949757 0.040490609459 0.000000149473 0.000000000000 0.000000000000 0.000000620576 0.000000000005 0.772993358046 
4.035539164336 3.606161538109 2.456803886858 1.757165767476 0.041732958457 0.000000020431 0.000000000000 0.000000000000 0.000000721476 0.000000000010 0.765955443084 
3.867075963924 3.658916359870 2.364602569153 1.809526325775 0.064234427739 0.000002417481 0.000000000002 0.000000000000 0.037013890246 0.000000068888 0.776849453553 
4.009754821697 3.617783671134 2.275925341762 1.739497031509 0.038707787112 0.000000591378 0.000000000009 0.000000000000 0.000000189261 0.000000000001 0.725152834031 
4.087672157033 3.831227144905 2.488234929517 1.782901514913 0.043973275164 0.000000019474 0.000000000003 0.000000000000 0.000000020577 0.000000000000 0.860916587234 
4.080665605433 3.707849555637 2.427541890454 1.773396778175 0.064477067063 0.000000943707 0.000000000038 0.000000000000 0.034143257378 0.000000624991 0.862040441025 
4.020656408790 3.720024743876 2.392571216132 1.784944197182 0.041098194439 0.000000201845 0.000000000003 0.000000000000 0.000000728779 0.000000000011 0.796528319000 
3.988468602001 3.637250418068 2.442358095966 1.804062931182 0.055321086671 0.000000003674 0.000000000000 0.000000000000 0.021525314010 0.000000543026 0.694617388544 
3.973070490453 3.637464862870 2.337510055340 1.653854039289 0.056364357567 0.000001102246 0.000000000043 0.000000000000 0.000000430326 0.000000000012 0.771661421879 
3.935170972210 3.728555022065 2.264933449758 1.676980604273 0.052533151495 0.000000090634 0.000000000005 0.000000000000 0.022060676686 0.000000751740 0.734475435090 
3.889430824249 3.587491528674 2.453798328074 1.780041096827 0.052343898388 0.000000525249 0.000000000004 0.000000000000 0.011897555222 0.000000005912 0.782075601526 
3.895563416776 3.633950654894 2.341095364230 1.744584406218 0.076992232988 0.000000291971 0.000000000026 0.000000000000 0.042318262920 0.000000804087 0.831431776504 
4.019293966384 3.649209136896 2.410287583308 1.851677144503 0.056631227082 0.000000520212 0.000000000014 0.000000000000 0.056572125099 0.000002629821 0.774373227449 
4.017574354798 3.657959805209 2.493364520305 1.778570789966 0.051861414158 0.000001584325 0.000000000038 0.000000000000 0.012887752678 0.000000274766 0.779259769789 
3.983746683193 3.752257571506 2.430628512660 1.868286074067 0.049792537268 0.000000217679 0.000000000004 0.000000000000 0.046819737915 0.000000542408 0.749691723796 
4.034720077254 3.634915562673 2.378836561452 1.834805573804 0.048049678839 0.000000224068 0.000000000003 0.000000000000 0.046506794693 0.000000130770 0.689712695331 
4.082575323297 3.715304716168 2.324891081080 1.725584817602 0.042714242965 0.000000257338 0.000000000002 0.000000000000 0.000001069070 0.000000000003 0.735563200278 
3.987920816106 3.595751606565 2.403958176570 1.778867764822 0.044640748109 0.000000214349 0.000000000002 0.000000000000 0.028206702887 0.000000423695 0.704038221498 
4.054475971490 3.661790238246 2.385227874300 1.757611332731 0.074157645730 0.000001376530 0.000000000023 0.000000000000 0.074152405213 0.000000025677 0.842780079505 
4.013460447483 3.625764362820 2.382397787984 1.749285130316 0.084701371566 0.000001148555 0.000000000032 0.000000000000 0.084601708395 0.000001542630 0.835421150190 
3.963657837155 3.759519852585 2.353835206105 1.727462556156 0.038869637764 0.000000384998 0.000000000005 0.000000000000 0.017646062589 0.000000006649 0.729637100781 
4.057836791876 3.651536962354 2.416681387572 1.773454255071 0.067483153003 0.000000557763 0.000000000003 0.000000000000 0.067482529568 0.000001041329 0.795728915052 
3.967211439769 3.685933176058 2.405652874337 1.796640189860 0.049561159907 0.000000794978 0.000000000001 0.000000000000 0.025319898057 0.000000709551 0.691248939931 
4.164469757816 3.848592149229 2.430182780280 1.911689968435 0.038165110318 0.000000192303 0.000000000002 0.000000000000 0.017908362287 0.000000038298 0.778132235075 
4.032956968314 3.682962071220 2.377531917677 1.720282296170 0.075512807715 0.000003521101 0.000000000014 0.000000000000 0.040999927948 0.000000726261 0.768337845435 
4.213430973104 3.698357022583 2.457365133772 1.668360973033 0.049460711904 0.000000103500 0.000000000004 0.000000000000 0.046050022199 0.000000095079 0.810601211402 
3.787072502853 3.535404320447 2.309170201639 1.725764315312 0.068463637073 0.000000151464 0.000000000014 0.000000000000 0.000000332496 0.000000000011 0.755698116561 
4.203658781480 3.837910302675 2.521337668327 1.775794313662 0.037817312416 0.000000100991 0.000000000001 0.000000000000 0.019527090089 0.000000005049 0.878436327581 
3.872060902619 3.590041845124 2.317474575765 1.705150702837 0.077231882808 0.000000506278 0.000000000061 0.000000000000 0.006594974303 0.000000150557 0.787464695057 
4.053929824664 3.786189160074 2.450147841215 1.831785826129 0.038836890877 0.000000460917 0.000000000037 0.000000000000 0.032815908031 0.000000161399 0.872235548230 
4.031336363938 3.777515568937 2.448850501971 1.793566366646 0.059054579210 0.000001571690 0.000000000025 0.000000000000 0.025787362846 0.000000411379 0.753483800243 
3.864169945012 3.674834446825 2.410443967288 1.861387219020 0.060316037571 0.000000197350 0.000000000005 0.000000000000 0.008995332570 0.000000069754 0.766981359571 
4.146347472052 3.862327162707 2.465508475769 1.874406680650 0.085755042959 0.000000044951 0.000000000004 0.000000000000 0.085555607342 0.000000405814 0.819311644081 
3.819037303453 3.598078116360 2.344063370958 1.672469097756 0.077101315083 0.000001158438 0.000000000013 0.000000000000 0.016744973104 0.000000028453 0.635466925947 
4.000852642411 3.835201921296 2.461055708583 1.776143499809 0.053860631328 0.000000408187 0.000000000010 0.000000000000 0.022416100059 0.000000092959 0.907408750554 
4.126526848793 3.831392051238 2.346955809090 1.652145687956 0.058552073928 0.000000556078 0.000000000000 0.000000000000 0.007136967602 0.000000039075 0.880490092838 
3.961892589451 3.772034181190 2.368347245081 1.744687340324 0.070977103424 0.000000364364 0.000000000017 0.000000000000 0.020514900734 0.000000318762 0.823552671690 
3.958297711254 3.665018581843 2.481800729388 1.793292321511 0.074727922776 0.000000799318 0.000000000027 0.000000000000 0.074726996325 0.000000576003 0.936909403641 
4.166643007760 3.830347848034 2.483917894348 1.768788281316 0.068644233662 0.000002557705 0.000000000013 0.000000000000 0.068531768079 0.000001211838 0.862353182499 
4.069804709348 3.745345409794 2.494600274598 1.868419833148 0.028722322106 0.000000832556 0.000000000011 0.000000000000 0.014481957683 0.000000095275 0.828636762618 
3.987494275780 3.740854503116 2.487434373792 1.773161693216 0.048632829447 0.000000187867 0.000000000000 0.000000000000 0.035863780242 0.000000115415 0.795503584542 
4.049151941378 3.676273079178 2.397186068029 1.818190192254 0.047674164394 0.000000406311 0.000000000015 0.000000000000 0.000000176998 0.000000000002 0.779917526618 
4.230997592668 3.832227128846 2.419979027096 1.716634485166 0.073512312777 0.000000927222 0.000000000013 0.000000000000 0.017083583204 0.000000062670 0.825268178497 
4.153365560005 3.832995318370 2.473116315542 1.863068635856 0.111141013876 0.000001024904 0.000000000048 0.000000000000 0.111140967505 0.000001009109 0.890063673131 
3.993991798388 3.741631818337 2.474951336513 1.867110019355 0.055180970115 0.000000057728 0.000000000000 0.000000000000 0.043709436903 0.000001213514 0.782272933389 
4.202744491596 3.832218854923 2.464531230520 1.769288222933 0.040578546746 0.000000792674 0.000000000023 0.000000000000 0.033723060787 0.000000381572 0.855276720671 
3.990616141459 3.715086847289 2.332027328111 1.713286837107 0.078264665241 0.000001113636 0.000000000070 0.000000000000 0.000000432459 0.000000000004 0.849066569572 
3.790565086560 3.757240224772 2.441288465039 1.720823559716 0.061389015565 0.000000080927 0.000000000000 0.000000000000 0.010198801408 0.000000035748 0.855606045943 
4.026957131552 3.615301650904 2.343696261420 1.689656200779 0.046785233372 0.000000316295 0.000000000004 0.000000000000 0.021529822486 0.000000011640 0.778365641689 
4.011932550370 3.726509817408 2.354270819058 1.769758607466 0.067006409504 0.000000285567 0.000000000004 0.000000000000 0.056960303827 0.000000383422 0.813564095888 
3.890579314022 3.685242685291 2.406920568610 1.723751880796 0.049536234358 0.000000422113 0.000000000010 0.000000000000 0.000000631826 0.000000000001 0.854596228599 
4.054770059790 3.799622025160 2.383699301656 1.716228056818 0.044087318144 0.000000423045 0.000000000009 0.000000000000 0.005885411220 0.000000015364 0.828092408666 
3.956165867786 3.541656395718 2.308730269926 1.792544671030 0.038552190336 0.000000240648 0.000000000001 0.000000000000 0.012668266316 0.000000263154 0.797255819706 
3.982777865073 3.599184361633 2.384573428008 1.707821352734 0.048372346963 0.000000485886 0.000000000005 0.000000000000 0.000000278542 0.000000000004 0.716948315746 
4.006251680395 3.904259177312 2.434578487049 1.815308952951 0.093443776256 0.000002969630 0.000000000021 0.000000000000 0.093315551218 0.000000150097 0.844640476587 
4.075627973632 3.844085393789 2.361366497183 1.822160535677 0.022856689876 0.000000038802 0.000000000000 0.000000000000 0.000000004909 0.000000000000 0.856163599349 
3.963795635935 3.689589168201 2.337897710512 1.781691447048 0.040106739743 0.000001354452 0.000000000020 0.000000000000 0.025678142345 0.000000005394 0.828582442815 
3.925485052601 3.667170965775 2.376176710129 1.789936792568 0.059497958782 0.000000859976 0.000000000041 0.000000000000 0.051804972860 0.000001020598 0.793786226028 
4.012877854781 3.942756681389 2.425851094154 1.805981171178 0.053797724641 0.000000479568 0.000000000001 0.000000000000 0.019526712858 0.000000314516 0.819310129613 
3.914456078332 3.420260204146 2.290114132525 1.695230016365 0.054309090130 0.000000241350 0.000000000003 0.000000000000 0.013453282042 0.000000038039 0.717868144094 
4.052679745779 3.782116695769 2.406667423784 1.704134023198 0.058726021770 0.000000581123 0.000000000007 0.000000000000 0.015959849461 0.000000167215 0.878832381048 
3.995791008041 3.550197906994 2.365298395696 1.741239919248 0.077816003134 0.000001496176 0.000000000001 0.000000000000 0.052676861688 0.000000163820 0.729733181545 
3.961506550922 3.729629364315 2.483255695878 1.817528047327 0.065390697980 0.000000243294 0.000000000000 0.000000000000 0.038951716528 0.000000491693 0.762257661384 
4.080979444338 3.830844956994 2.529750622077 1.794083828833 0.058062635954 0.000001156858 0.000000000001 0.000000000000 0.031651830780 0.000000075756 0.818124439783 
4.000979886207 3.636769012899 2.504703044920 1.817793465393 0.044111207956 0.000000040268 0.000000000000 0.000000000000 0.038104602078 0.000001121423 0.756943896215 
4.030436418757 3.567661551992 2.465660680871 1.810573262427 0.053301778649 0.000000462569 0.000000000003 0.000000000000 0.028169736643 0.000000108548 0.828883329370 
3.951918323474 3.559530821747 2.409328218626 1.758411684801 0.050919386812 0.000000285893 0.000000000008 0.000000000000 0.028694935970 0.000000991260 0.775440533623 
4.092963784018 3.818813498020 2.443263761545 1.745928037626 0.043753915582 0.000000612581 0.000000000036 0.000000000000 0.026339539487 0.000000184949 0.728027439936 
4.073261517413 3.572987182635 2.343454867699 1.739846527814 0.070161694965 0.000000618150 0.000000000002 0.000000000000 0.045197802029 0.000000176498 0.815430492129 
3.940876821229 3.577787814980 2.366826427249 1.777393790746 0.026576643410 0.000000417323 0.000000000002 0.000000000000 0.000000063523 0.000000000000 0.821151176382 
3.996373743218 3.662677063655 2.334168746713 1.760893855027 0.039428338654 0.000000809684 0.000000000009 0.000000000000 0.004393967023 0.000000122980 0.718125842907 
4.130993629962 3.801445855183 2.456808013220 1.800536355186 0.057222582994 0.000000022761 0.000000000000 0.000000000000 0.056624665724 0.000000101148 0.803845570024 
3.993982334362 3.698833665261 2.341223097709 1.735511465392 0.059282795863 0.000000102603 0.000000000001 0.000000000000 0.000000149412 0.000000000005 0.813527233401 
3.827821223249 3.583705807683 2.275063644620 1.759536372392 0.048417912464 0.000000115750 0.000000000001 0.000000000000 0.014375056477 0.000000147326 0.797468641830 
4.069870765107 3.641667185657 2.359509432074 1.797219474872 0.056562054484 0.000000176528 0.000000000006 0.000000000000 0.002925667994 0.000000001262 0.710760248000 
4.212275212950 3.802164238021 2.486083079198 1.774650756203 0.043352419896 0.000000086149 0.000000000001 0.000000000000 0.034108198232 0.000000237179 0.756711139453 
4.101825465184 3.732312939864 2.404386458768 1.855661995371 0.040594187288 0.000000006544 0.000000000000 0.000000000000 0.004110826181 0.000000044333 0.786900163388 
4.178100436808 3.760987921894 2.427374991289 1.832384789621 0.046798481719 0.000000524031 0.000000000003 0.000000000000 0.043801709845 0.000000863566 0.829528061119 
3.768977348798 3.574656583448 2.255918134699 1.716585878129 0.055701650152 0.000000000349 0.000000000000 0.000000000000 0.002489065402 0.000000054536 0.702181330013 
4.051259843834 3.635499629410 2.388140070615 1.726971215098 0.055934226971 0.000000158666 0.000000000001 0.000000000000 0.025296104819 0.000001078189 0.728063298516 
3.939680803342 3.744784823645 2.385221275933 1.761510850530 0.061938317148 0.000001771903 0.000000000005 0.000000000000 0.000000731817 0.000000000007 0.740401802903 
4.069686318900 3.697834656170 2.258352164894 1.736844729977 0.045063984650 0.000000724321 0.000000000002 0.000000000000 0.000000081507 0.000000000013 0.739018104939 
3.906714899560 3.628096869166 2.310638447507 1.728208475846 0.053949076523 0.000000295093 0.000000000001 0.000000000000 0.000000128058 0.000000000004 0.813157474959 
3.984082841232 3.673795630076 2.326736749534 1.797945303586 0.060025785641 0.000001322431 0.000000000010 0.000000000000 0.055304133684 0.000000344631 0.824810094603 
3.903304976669 3.560453487022 2.338663077064 1.768715287817 0.063660794501 0.000000975894 0.000000000010 0.000000000000 0.030801171409 0.000000661679 0.832620757092 
