4.451269180612 4.141642420460 2.711863215884 2.052441514907 0.142212092487 0.000001541268 0.000000000004 0.000000000000 0.000000000000 0.000000000000 0.000000000000 0.000000000000 0.114396551395 0.000001703056 0.000000000139 0.000000000000 0.000000000018 0.000000000000 0.000000000000 0.000037009235 0.000000001292 0.014846048848 0.898868953285 0.000009026211 0.000000000638 0.748855920927 0.313075134868 0.313073828617 
4.282359728153 4.073551397567 2.706419517555 2.032939830516 0.135977361507 0.000004875628 0.000000000415 0.000000000000 0.000000000000 0.000000000000 0.000000000000 0.000000000000 0.078887843135 0.000000290267 0.000000000001 0.000000000000 0.000000000001 0.000000000000 0.000000000000 0.000016211890 0.000000000173 0.000018862221 0.928302992477 0.000019800606 0.000000000026 0.707925381668 0.350632934322 0.332381669630 
4.411251638296 4.085103175715 2.771148484116 2.112304547016 0.136672644988 0.000016734057 0.000000001449 0.000000000000 0.000000000000 0.000000000000 0.000000000000 0.000000000000 0.061874451796 0.000000680175 0.000000000012 0.000000000000 0.000000000003 0.000000000000 0.000000000001 0.000051112822 0.000000001053 0.032636382141 0.844799321806 0.000011797445 0.000000000101 0.652028818434 0.374157535077 0.374131625382 
4.443061930769 4.136025933183 2.633984301179 2.015482432724 0.140247062732 0.000002989949 0.000000000021 0.000000000000 0.000000000000 0.000000000000 0.000000000000 0.000000000000 0.114317529530 0.000008490761 0.000000000267 0.000000000000 0.000000000469 0.000000000001 0.000000000001 0.000039434319 0.000000001762 0.000091648759 0.908199925746 0.000010347160 0.000000000576 0.637598832849 0.292405351424 0.292394831719 
4.603431159144 4.229494903659 2.695230838509 2.042541530566 0.109138356255 0.000003108095 0.000000000055 0.000000000000 0.000000000000 0.000000000000 0.000000000000 0.000000000000 0.057039945357 0.000000230720 0.000000000007 0.000000000000 0.000000000005 0.000000000000 0.000000000000 0.000052149131 0.000000001178 0.000071164538 0.855744353941 0.000027281380 0.000000000162 0.655609503561 0.359545878732 0.359533708402 
4.395192073457 4.186040631315 2.679620888495 2.032916450649 0.108861095936 0.000004175405 0.000000000193 0.000000000000 0.000000000000 0.000000000000 0.000000000000 0.000000000000 0.077914402134 0.000006349601 0.000000000881 0.000000000000 0.000000000321 0.000000000000 0.000000000001 0.000061378599 0.000000004436 0.000087405594 0.887793642457 0.000007334871 0.000000000529 0.697584152534 0.293847897105 0.293846631748 
4.564008836759 4.200053810218 2.709521134104 2.075869393330 0.131848970744 0.000005338890 0.000000000070 0.000000000000 0.000000000000 0.000000000000 0.000000000000 0.000000000000 0.131499034434 0.000003273443 0.000000000191 0.000000000000 0.000000000162 0.000000000001 0.000000000000 0.000108483519 0.000000004107 0.000079726822 0.939337683760 0.000019521756 0.000000000442 0.787500192202 0.370223941317 0.370010376248 
4.524392602788 4.122680984020 2.694201434012 2.140532056218 0.103547281570 0.000000281062 0.000000000001 0.000000000000 0.000000000000 0.000000000000 0.000000000000 0.000000000000 0.085908339949 0.000000592746 0.000000000015 0.000000000000 0.000000000008 0.000000000000 0.000000000000 0.000050319206 0.000000006643 0.026219240674 0.896862783719 0.000005185170 0.000000001075 0.695566858089 0.378997849010 0.378997487570 
4.606933210365 4.157940646187 2.788124166824 2.045553647889 0.112581708445 0.000002379244 0.000000000096 0.000000000000 0.000000000000 0.000000000000 0.000000000000 0.000000000000 0.107169306919 0.000000696780 0.000000000100 0.000000000000 0.000000000048 0.000000000000 0.000000000000 0.000024171151 0.000000000855 0.020009260071 1.002167157092 0.000042574608 0.000000004533 0.755653872002 0.317109640740 0.317095616044 
4.606061428546 4.264429560068 2.717347897090 2.098916628181 0.101715196322 0.000002190806 0.000000000037 0.000000000000 0.000000000000 0.000000000000 0.000000000000 0.000000000000 0.078331054310 0.000000474652 0.000000000007 0.000000000000 0.000000000003 0.000000000000 0.000000000000 0.000173077546 0.000000021553 0.000059029218 1.025343223211 0.000001677959 0.000000000027 0.822318342889 0.326274604542 0.326244383155 
4.598881846689 4.368165271113 2.912546553349 2.217214851980 0.178696750496 0.000001243483 0.000000000017 0.000000000000 0.000000000000 0.000000000000 0.000000000000 0.000000000000 0.178351425441 0.000003485671 0.000000000180 0.000000000000 0.000000000117 0.000000000000 0.000000000001 0.000040079161 0.000000002131 0.026705757604 0.935210373180 0.000008170080 0.000000000321 0.746962461394 0.329032955755 0.329029276862 
4.528675677561 4.126073104537 2.691434695524 2.224028001312 0.161875599609 0.000001884011 0.000000000151 0.000000000000 0.000000000000 0.000000000000 0.000000000000 0.000000000000 0.161514760284 0.000002840954 0.000000000045 0.000000000000 0.000000000014 0.000000000001 0.000000000003 0.000074992118 0.000000000995 0.000029248325 1.003456976299 0.000066349750 0.000000004392 0.747506044256 0.277095417157 0.249190375585 
4.566717630029 4.351589386930 2.782815142634 2.130716140842 0.175194348718 0.000003436169 0.000000000111 0.000000000000 0.000000000000 0.000000000000 0.000000000000 0.000000000000 0.174627901319 0.000003360235 0.000000000023 0.000000000000 0.000000000114 0.000000000000 0.000000000000 0.000011959316 0.000000000043 0.043321977924 0.942567793269 0.000013679898 0.000000000889 0.765418877982 0.297833828894 0.297687674376 
4.375419451219 4.026021404589 2.601065182267 2.048142174263 0.157921544578 0.000005708906 0.000000000258 0.000000000000 0.000000000000 0.000000000000 0.000000000000 0.000000000000 0.131197998036 0.000000769847 0.000000000003 0.000000000000 0.000000000035 0.000000000000 0.000000000000 0.000019931634 0.000000000365 0.000131535575 0.858600250111 0.000025991667 0.000000000854 0.663556378024 0.329268375915 0.329195406728 
4.505023654701 4.269481753751 2.742575942134 2.060366824851 0.124615841606 0.000007098677 0.000000000054 0.000000000000 0.000000000000 0.000000000000 0.000000000000 0.000000000000 0.105051623139 0.000008760718 0.000000000303 0.000000000000 0.000000000619 0.000000000000 0.000000000002 0.000016847693 0.000000000999 0.006322036011 0.926539825991 0.000004600462 0.000000000840 0.736840292155 0.353610316202 0.319419588859 
4.458987147692 4.211845969747 2.698839541718 2.018302719490 0.112685937503 0.000012401970 0.000000000194 0.000000000000 0.000000000000 0.000000000000 0.000000000000 0.000000000000 0.065285784854 0.000000527535 0.000000000006 0.000000000000 0.000000000010 0.000000000000 0.000000000002 0.000034798969 0.000000004011 0.000168197737 1.013706740594 0.000007666673 0.000000000149 0.780785062896 0.346684473819 0.346680112756 
4.771836166925 4.255344880320 2.735960268517 1.999186229270 0.094436375123 0.000000388630 0.000000000057 0.000000000000 0.000000000000 0.000000000000 0.000000000000 0.000000000000 0.087164237615 0.000001756726 0.000000000040 0.000000000000 0.000000000132 0.000000000000 0.000000000000 0.000033224365 0.000000000228 0.000143549447 1.003792542960 0.000027164687 0.000000000991 0.764171819259 0.346231413221 0.346219526308 
4.174224664036 3.936412599286 2.680975625439 2.082193986948 0.134533754385 0.000001647142 0.000000000016 0.000000000000 0.000000000000 0.000000000000 0.000000000000 0.000000000000 0.070105655386 0.000000191973 0.000000000018 0.000000000000 0.000000000009 0.000000000000 0.000000000001 0.000039188584 0.000000001282 0.000038355640 0.842224829421 0.000021958871 0.000000000062 0.543945776975 0.189228687516 0.189227841598 
4.631669922458 4.143851798823 2.695767323332 2.079365869353 0.135347583333 0.000001197219 0.000000000038 0.000000000000 0.000000000000 0.000000000000 0.000000000000 0.000000000000 0.127041147994 0.000008563037 0.000000000158 0.000000000000 0.000000000208 0.000000000000 0.000000000000 0.000023549418 0.000000001875 0.000046584994 0.925723202813 0.000043402249 0.000000000045 0.707281429364 0.353790120322 0.319360692618 
4.541680279753 4.167350708992 2.784462617547 2.084429474214 0.092906010958 0.000000058265 0.000000000006 0.000000000000 0.000000000000 0.000000000000 0.000000000000 0.000000000000 0.055824408677 0.000000208941 0.000000000001 0.000000000000 0.000000000005 0.000000000000 0.000000000001 0.000207757629 0.000000004577 0.000044931650 0.894312389593 0.000040273147 0.000000000673 0.663477105983 0.311182729903 0.311178848565 
4.412915496019 4.108627012843 2.787249032192 2.123942741441 0.129716504987 0.000001531696 0.000000000334 0.000000000000 0.000000000000 0.000000000000 0.000000000000 0.000000000000 0.108214128903 0.000002623775 0.000000000037 0.000000000000 0.000000000007 0.000000000000 0.000000000000 0.000010554039 0.000000000091 0.005193845792 0.921929844173 0.000022944073 0.000000000615 0.738313057573 0.338441971147 0.338440706073 
4.569345015606 4.202296871211 2.783781009813 2.125639765559 0.103936982409 0.000002986560 0.000000000004 0.000000000000 0.000000000000 0.000000000000 0.000000000000 0.000000000000 0.091173348688 0.000000911395 0.000000000069 0.000000000000 0.000000000054 0.000000000000 0.000000000000 0.000006579368 0.000000001960 0.000026485430 0.895823935027 0.000012694398 0.000000000521 0.639486894408 0.230040107003 0.230037309866 
4.461125758663 4.117363589123 2.722409524646 2.102403678406 0.139978690600 0.000008083652 0.000000001403 0.000000000000 0.000000000000 0.000000000000 0.000000000000 0.000000000000 0.132099463861 0.000001828027 0.000000000001 0.000000000000 0.000000000369 0.000000000000 0.000000000000 0.000014068496 0.000000000393 0.019494290493 0.956007775303 0.000050117151 0.000000000357 0.692046396684 0.307204134480 0.307202706238 
4.492371495415 4.160840323428 2.670813205811 2.007208747880 0.136078193699 0.000006673187 0.000000000164 0.000000000000 0.000000000000 0.000000000000 0.000000000000 0.000000000000 0.122052707275 0.000001457377 0.000000000065 0.000000000000 0.000000000031 0.000000000000 0.000000000002 0.000013536230 0.000000000284 0.010871944145 0.945898089916 0.000002486640 0.000000000174 0.716902121162 0.246135903064 0.222925169974 
4.576061247057 4.094909858902 2.683560451065 2.064486033241 0.124131677307 0.000000028382 0.000000000000 0.000000000000 0.000000000000 0.000000000000 0.000000000000 0.000000000000 0.046053785027 0.000001866789 0.000000000029 0.000000000000 0.000000000063 0.000000000000 0.000000000000 0.000125108694 0.000000005740 0.000050161406 0.907919840698 0.000004215138 0.000000000080 0.755635766135 0.288313786346 0.288312153786 
4.759017376585 4.199853962621 2.707362062225 1.980506935523 0.129341075851 0.000002380483 0.000000000397 0.000000000000 0.000000000000 0.000000000000 0.000000000000 0.000000000000 0.080197875799 0.000000921380 0.000000000010 0.000000000000 0.000000000024 0.000000000000 0.000000000000 0.000007556694 0.000000001820 0.011680431109 0.862932962639 0.000008150614 0.000000000235 0.705306364885 0.301477107301 0.301222849808 
4.419465023481 4.121706898487 2.743713608802 2.100784751534 0.107800692809 0.000011466133 0.000000000056 0.000000000000 0.000000000000 0.000000000000 0.000000000000 0.000000000000 0.079961921830 0.000003232667 0.000000000174 0.000000000000 0.000000000486 0.000000000000 0.000000000002 0.000050910099 0.000000001714 0.000179170627 0.929038902590 0.000000627244 0.000000000055 0.650954476265 0.323499892105 0.323498784260 
4.399267212971 4.155529095080 2.657865264695 2.038433757169 0.142263852518 0.000021763033 0.000000000432 0.000000000000 0.000000000000 0.000000000000 0.000000000000 0.000000000000 0.104606610175 0.000002814394 0.000000000421 0.000000000000 0.000000000161 0.000000000000 0.000000000001 0.000030679293 0.000000001461 0.006843439673 0.847953536680 0.000056404164 0.000000001886 0.702353068347 0.276646656167 0.276592043189 
4.610236766663 4.311245776539 2.813011792227 2.083115137462 0.159287784105 0.000015223103 0.000000000266 0.000000000000 0.000000000000 0.000000000000 0.000000000000 0.000000000000 0.158922216667 0.000000337220 0.000000000021 0.000000000000 0.000000000014 0.000000000000 0.000000000001 0.000004647968 0.000000000253 0.043744488531 0.872225018748 0.000012455097 0.000000000969 0.667441717200 0.344902537745 0.344896893355 
4.520283546603 4.061367397941 2.700586166684 2.126535657448 0.121828128956 0.000002669631 0.000000000155 0.000000000000 0.000000000000 0.000000000000 0.000000000000 0.000000000000 0.091110524250 0.000003023897 0.000000000542 0.000000000000 0.000000000306 0.000000000000 0.000000000001 0.000003342757 0.000000000051 0.000007391323 0.904865754242 0.000020882876 0.000000000187 0.751735873529 0.332491920387 0.332486255605 
4.562398234890 4.217298437045 2.803555832643 2.271272594594 0.111699839142 0.000002798899 0.000000000290 0.000000000000 0.000000000000 0.000000000000 0.000000000000 0.000000000000 0.084826201905 0.000001486223 0.000000000008 0.000000000000 0.000000000046 0.000000000000 0.000000000001 0.000066290435 0.000000003669 0.000057635938 0.968508518897 0.000028166199 0.000000000538 0.740234336642 0.361972338912 0.361954813029 
4.421984579326 4.131875479413 2.662758473855 1.986141728842 0.132201990008 0.000007246861 0.000000000006 0.000000000000 0.000000000000 0.000000000000 0.000000000000 0.000000000000 0.085558898379 0.000002796027 0.000000000026 0.000000000000 0.000000000255 0.000000000000 0.000000000001 0.000013501195 0.000000000595 0.000113113976 0.930566520540 0.000022752782 0.000000001098 0.737622092035 0.381167698730 0.381166918755 
4.506532632779 4.076192926261 2.602384443756 2.026282104483 0.150137657023 0.000005462601 0.000000000083 0.000000000000 0.000000000000 0.000000000000 0.000000000000 0.000000000000 0.127693455117 0.000001827173 0.000000000087 0.000000000000 0.000000000027 0.000000000000 0.000000000001 0.000010795775 0.000000000147 0.000088478858 0.998029270593 0.000014726320 0.000000000495 0.797231998094 0.333004630248 0.332959172454 
4.309206668445 4.177692190236 2.696972826402 2.017687275181 0.151754384347 0.000002856990 0.000000000028 0.000000000000 0.000000000000 0.000000000000 0.000000000000 0.000000000000 0.140741059253 0.018757813407 0.018725893383 0.000000225305 0.000000977371 0.000000000020 0.000000000013 0.000027899371 0.000000000479 0.000008105268 0.948938034128 0.000001745646 0.000000000289 0.664283990600 0.290859882275 0.290735878491 
4.418360440736 4.214153682203 2.763614426973 2.105623853232 0.125634259771 0.000003725625 0.000000000047 0.000000000000 0.000000000000 0.000000000000 0.000000000000 0.000000000000 0.117561289277 0.000003196647 0.000000000077 0.000000000000 0.000000000139 0.000000000000 0.000000000001 0.000007552674 0.000000001755 0.000123896298 0.905917804243 0.000017934047 0.000000003128 0.693667979935 0.243038107154 0.242960229343 
4.604824519386 4.189731798199 2.823319520426 2.125678229646 0.102008461124 0.000004303690 0.000000000312 0.000000000000 0.000000000000 0.000000000000 0.000000000000 0.000000000000 0.079006305483 0.000000553537 0.000000000004 0.000000000000 0.000000000035 0.000000000000 0.000000000000 0.000015970587 0.000000001255 0.017853823883 0.906662081864 0.000042888643 0.000000001437 0.690324149632 0.307961766683 0.307920612639 
4.349945744356 4.125908420021 2.582915172994 1.977338201989 0.132775685478 0.000000568611 0.000000000128 0.000000000000 0.000000000000 0.000000000000 0.000000000000 0.000000000000 0.113695629604 0.000000695128 0.000000000189 0.000000000000 0.000000000039 0.000000000000 0.000000000000 0.000052434620 0.000000002298 0.000056756238 0.913002345143 0.000013502229 0.000000001595 0.617058391526 0.310748131163 0.310733165361 
4.397592839265 4.205383428240 2.803382575575 2.111793511529 0.131281582788 0.000002944986 0.000000000104 0.000000000000 0.000000000000 0.000000000000 0.000000000000 0.000000000000 0.097606550682 0.000005313235 0.000000000283 0.000000000000 0.000000000042 0.000000000000 0.000000000000 0.000056862443 0.000000000818 0.000283857904 0.982397342596 0.000007684187 0.000000000002 0.747428358242 0.368523155852 0.350098904682 
4.520789322318 4.161216907515 2.722451620477 2.120878038115 0.095190175539 0.000000913587 0.000000000020 0.000000000000 0.000000000000 0.000000000000 0.000000000000 0.000000000000 0.061452982997 0.000002759813 0.000000000098 0.000000000000 0.000000000185 0.000000000001 0.000000000001 0.000013072761 0.000000000744 0.000078233703 0.920020221650 0.000043411900 0.000000000929 0.606987039250 0.295090525521 0.276080393805 
4.498183864746 4.127677028101 2.775696854664 2.078803086671 0.119853223483 0.000001143726 0.000000000004 0.000000000000 0.000000000000 0.000000000000 0.000000000000 0.000000000000 0.069253624251 0.000001417994 0.000000000206 0.000000000000 0.000000000056 0.000000000000 0.000000000000 0.000030976864 0.000000000184 0.000062783040 0.888062177937 0.000022384111 0.000000000254 0.667828936756 0.301237010057 0.301232557186 
4.448701804358 4.229551341482 2.625859114615 1.930291734280 0.151025548510 0.000007223654 0.000000000078 0.000000000000 0.000000000000 0.000000000000 0.000000000000 0.000000000000 0.140649017429 0.000000952806 0.000000000446 0.000000000000 0.000000000258 0.000000000001 0.000000000000 0.000010539240 0.000000001350 0.000170701640 0.960651261763 0.000039530738 0.000000000811 0.719738170511 0.333546657236 0.333534202050 
4.529469582378 4.256173463803 2.704596991033 1.944173291127 0.132834237591 0.000000225822 0.000000000000 0.000000000000 0.000000000000 0.000000000000 0.000000000000 0.000000000000 0.132295006652 0.000000215056 0.000000000000 0.000000000000 0.000000000037 0.000000000000 0.000000000001 0.000193384465 0.000000002490 0.000052367099 1.086800383443 0.000049470644 0.000000001121 0.717998928561 0.343481832119 0.343464808490 
4.437394917779 4.168310892513 2.713498253353 1.949223374447 0.119808384933 0.000001166132 0.000000000244 0.000000000000 0.000000000000 0.000000000000 0.000000000000 0.000000000000 0.057133995421 0.000000204115 0.000000000006 0.000000000000 0.000000000011 0.000000000000 0.000000000000 0.000119277163 0.000000000122 0.000076509049 0.886427871594 0.000009150644 0.000000000224 0.711509877065 0.355040355530 0.354994518521 
4.445880572613 4.309665161579 2.845625926125 2.114572720319 0.122925703648 0.000001910115 0.000000000004 0.000000000000 0.000000000000 0.000000000000 0.000000000000 0.000000000000 0.111830958457 0.000004283962 0.000000000339 0.000000000000 0.000000000348 0.000000000000 0.000000000000 0.000024103636 0.000000001579 0.027511299559 0.938397117181 0.000022058553 0.000000003719 0.701852875977 0.303672561230 0.303577222673 
4.713699166253 4.157025769714 2.848347925182 2.084729873847 0.118800579246 0.000003241526 0.000000000333 0.000000000000 0.000000000000 0.000000000000 0.000000000000 0.000000000000 0.087868934665 0.000000368457 0.000000000099 0.000000000000 0.000000000014 0.000000000000 0.000000000000 0.000022545079 0.000000000471 0.021775707178 0.860426098124 0.000068027819 0.000000001184 0.634936953901 0.234188389698 0.234078869614 
4.521718997029 4.224966324853 2.772524703016 2.096356481033 0.196487129442 0.000007503869 0.000000000277 0.000000000000 0.000000000000 0.000000000000 0.000000000000 0.000000000000 0.196148153045 0.000008281803 0.000000000826 0.000000000000 0.000000000463 0.000000000000 0.000000000000 0.000022692078 0.000000002137 0.000102277243 0.883862552506 0.000006586847 0.000000000986 0.689015046617 0.338288183237 0.338282214827 
4.324934781721 3.999188238532 2.632195092004 2.063461677992 0.130923904514 0.000001386672 0.000000000029 0.000000000000 0.000000000000 0.000000000000 0.000000000000 0.000000000000 0.064822161980 0.000001239745 0.000000000003 0.000000000000 0.000000000028 0.000000000000 0.000000000000 0.000051297818 0.000000003902 0.000057255048 0.869679907501 0.000051801756 0.000000000834 0.668439720721 0.299301537300 0.299292010867 
4.570364250773 4.018648475662 2.731405274434 1.965926410371 0.129178826989 0.000006116963 0.000000000532 0.000000000000 0.000000000000 0.000000000000 0.000000000000 0.000000000000 0.121906840059 0.000000707957 0.000000000001 0.000000000000 0.000000000030 0.000000000000 0.000000000000 0.000003722611 0.000000000678 0.000008418834 0.945437710549 0.000020540134 0.000000000096 0.652490271001 0.284046312419 0.283964385828 
4.401083284468 3.936052473158 2.660912683922 2.016038860644 0.121845996622 0.000010360717 0.000000000120 0.000000000000 0.000000000000 0.000000000000 0.000000000000 0.000000000000 0.063003275317 0.000000127089 0.000000000008 0.000000000000 0.000000000041 0.000000000001 0.000000000000 0.000010016286 0.000000000762 0.000033881554 0.799471792069 0.000002134279 0.000000000213 0.627809906130 0.321448746884 0.321446007027 
4.402666531722 4.084158461703 2.608254363491 1.980691933080 0.153922474222 0.000000997335 0.000000000110 0.000000000000 0.000000000000 0.000000000000 0.000000000000 0.000000000000 0.105025648101 0.000000576359 0.000000000024 0.000000000000 0.000000000078 0.000000000000 0.000000000000 0.000056995565 0.000000004695 0.000012339961 0.941130787356 0.000063087107 0.000000001772 0.649834434783 0.328810848780 0.328808751724 
4.695988886004 4.183984600139 2.818471452450 2.160882925588 0.126522918324 0.000004878438 0.000000000122 0.000000000000 0.000000000000 0.000000000000 0.000000000000 0.000000000000 0.096169694694 0.000002611764 0.000000000035 0.000000000000 0.000000000058 0.000000000000 0.000000000002 0.000019136160 0.000000002178 0.000033136817 0.918827136327 0.000008541435 0.000000000191 0.689793229359 0.398510716604 0.398503437575 
4.403195097198 4.108913052553 2.668564786918 2.073133336460 0.121181799548 0.000001077968 0.000000000013 0.000000000000 0.000000000000 0.000000000000 0.000000000000 0.000000000000 0.060153863585 0.000000104659 0.000000000001 0.000000000000 0.000000000002 0.000000000000 0.000000000000 0.000007044245 0.000000001682 0.000046950686 0.844906310131 0.000031391119 0.000000001051 0.637346078859 0.341094379048 0.341086218975 
4.528645599191 4.044927217695 2.716887773850 2.014482527553 0.125966544977 0.000006250023 0.000000000021 0.000000000000 0.000000000000 0.000000000000 0.000000000000 0.000000000000 0.122000863931 0.000000329733 0.000000000041 0.000000000000 0.000000000010 0.000000000000 0.000000000001 0.000045786527 0.000000001966 0.000090320285 0.854481101112 0.000003233830 0.000000000048 0.688978469392 0.331690253313 0.331671005119 
4.427334596026 4.237771181485 2.650563101142 2.086644322498 0.127592825413 0.000002284776 0.000000000013 0.000000000000 0.000000000000 0.000000000000 0.000000000000 0.000000000000 0.127253775385 0.000010521282 0.000000000049 0.000000000000 0.000000001062 0.000000000000 0.000000000000 0.000107262918 0.000000005263 0.000008741195 0.904463861845 0.000074658707 0.000000002149 0.766982870377 0.341288419516 0.341122465745 
4.583021993842 4.236807126488 2.734786549535 2.082369532862 0.100883129210 0.000000335448 0.000000000013 0.000000000000 0.000000000000 0.000000000000 0.000000000000 0.000000000000 0.060211436185 0.000000129688 0.000000000003 0.000000000000 0.000000000003 0.000000000000 0.000000000000 0.000028299350 0.000000000800 0.000130212805 0.919918211784 0.000038260589 0.000000003266 0.713036136077 0.294700476147 0.290320987489 
4.533596426867 4.170790884929 2.764841224408 1.995474062384 0.125275825519 0.000006229440 0.000000000339 0.000000000000 0.000000000000 0.000000000000 0.000000000000 0.000000000000 0.098381136520 0.000000128202 0.000000000001 0.000000000000 0.000000000018 0.000000000000 0.000000000001 0.000005921044 0.000000000085 0.006878683801 0.973291450825 0.000011287205 0.000000000482 0.758275534106 0.369106186342 0.369103142180 
4.426799265796 4.009260220139 2.771995460836 1.984966030322 0.139174586813 0.000000751441 0.000000000020 0.000000000000 0.000000000000 0.000000000000 0.000000000000 0.000000000000 0.103005266534 0.000001957371 0.000000000044 0.000000000000 0.000000000012 0.000000000000 0.000000000001 0.000043218117 0.000000003332 0.000043760745 0.914254931642 0.000001891409 0.000000000259 0.696169162847 0.349133132035 0.349110012174 
4.555358409647 4.137969546784 2.810673815609 2.043968743892 0.141045000302 0.000007682398 0.000000000097 0.000000000000 0.000000000000 0.000000000000 0.000000000000 0.000000000000 0.090336348517 0.000012351757 0.000000000439 0.000000000000 0.000000000045 0.000000000000 0.000000000000 0.000015917447 0.000000002307 0.042340912405 0.968664328600 0.000002394541 0.000000000134 0.724065942349 0.231896446107 0.231896315283 
4.706366783391 4.391797417453 2.802015926372 2.056768814767 0.215660826639 0.000001298036 0.000000000018 0.000000000000 0.000000000000 0.000000000000 0.000000000000 0.000000000000 0.215281399164 0.000004728141 0.000000000231 0.000000000000 0.000000000022 0.000000000000 0.000000000000 0.000174801022 0.000000007384 0.016942903093 0.944872124992 0.000025460822 0.000000001223 0.819028901226 0.385790115284 0.385696371874 
4.465150256681 4.161599973879 2.648180452977 2.084833429059 0.125948806651 0.000008700842 0.000000000106 0.000000000000 0.000000000000 0.000000000000 0.000000000000 0.000000000000 0.122851982041 0.000003795653 0.000000000200 0.000000000000 0.000000000173 0.000000000000 0.000000000002 0.000032347677 0.000000000283 0.009499133698 0.934764451646 0.000028928991 0.000000000063 0.673314680565 0.328793498611 0.328781827883 
4.695474323864 4.194278769882 2.788367087064 1.975628516449 0.104163532222 0.000003584237 0.000000000102 0.000000000000 0.000000000000 0.000000000000 0.000000000000 0.000000000000 0.043939736870 0.000002700014 0.000000000072 0.000000000000 0.000000000163 0.000000000000 0.000000000000 0.000055653539 0.000000007086 0.000022029239 0.999052235657 0.000031117923 0.000000002365 0.747551925436 0.507032973080 0.507029860264 
4.578400484884 4.133642755218 2.658485992188 2.108309623449 0.160220818521 0.000006242366 0.000000001133 0.000000000000 0.000000000000 0.000000000000 0.000000000000 0.000000000000 0.159947085021 0.000002912549 0.000000000147 0.000000000000 0.000000000053 0.000000000000 0.000000000000 0.000156123588 0.000000005438 0.000013912127 0.888942047383 0.000021411492 0.000000006349 0.703785682019 0.286524951171 0.286516326671 
4.531467677318 4.134312079449 2.777299340159 2.098126626512 0.153394400201 0.000008834599 0.000000000610 0.000000000000 0.000000000000 0.000000000000 0.000000000000 0.000000000000 0.153116482373 0.000368041074 0.000349674160 0.000000009684 0.000000017419 0.000000000002 0.000000000001 0.000024276883 0.000000000548 0.000124064769 0.935493514051 0.000011158278 0.000000000226 0.677163022589 0.317031948750 0.317031740887 
4.741339627249 4.472410073223 2.825521160192 2.156667610639 0.129451448186 0.000001520291 0.000000000106 0.000000000000 0.000000000000 0.000000000000 0.000000000000 0.000000000000 0.129020982287 0.000003699064 0.000000000111 0.000000000000 0.000000000045 0.000000000000 0.000000000001 0.000025994665 0.000000000030 0.000147768278 1.054781554181 0.000144223567 0.000000001396 0.745228258993 0.362508139439 0.362504378177 
4.483741989264 4.201186503008 2.779150527191 2.074306946977 0.105295055946 0.000002865894 0.000000000050 0.000000000000 0.000000000000 0.000000000000 0.000000000000 0.000000000000 0.039088429350 0.000002678776 0.000000000029 0.000000000000 0.000000000183 0.000000000000 0.000000000001 0.000028529006 0.000000000279 0.048159697423 0.876041729233 0.000037623740 0.000000000325 0.645397324891 0.262060835383 0.262039779565 
4.591741981945 4.103760478260 2.718242436790 2.041316071891 0.119710504639 0.000007324332 0.000000000061 0.000000000000 0.000000000000 0.000000000000 0.000000000000 0.000000000000 0.069157427867 0.000002508904 0.000000000024 0.000000000000 0.000000000100 0.000000000000 0.000000000000 0.000050159441 0.000000002159 0.000002182338 0.951947269930 0.000007634856 0.000000000179 0.788107728184 0.366656727211 0.366650502353 
4.598411242941 4.304740964389 2.719593019609 2.023862893856 0.125457272298 0.000006354090 0.000000000211 0.000000000000 0.000000000000 0.000000000000 0.000000000000 0.000000000000 0.070372395525 0.000001373846 0.000000000011 0.000000000000 0.000000000042 0.000000000000 0.000000000000 0.000035788105 0.000000005749 0.002162170956 0.991684715309 0.000052188956 0.000000003295 0.766195641747 0.333428365252 0.333416757557 
4.402560254242 4.159440512112 2.658727140004 2.159417602935 0.129923622633 0.000000149655 0.000000000279 0.000000000000 0.000000000000 0.000000000000 0.000000000000 0.000000000000 0.063260248445 0.000003609749 0.000000000517 0.000000000000 0.000000000192 0.000000000001 0.000000000000 0.000017663127 0.000000000515 0.000143114954 0.893903922766 0.000005624382 0.000000000237 0.650486833732 0.242961605770 0.242957094918 
4.622117848092 4.273502108064 2.720868687426 2.181209922739 0.148345935298 0.000000497306 0.000000000007 0.000000000000 0.000000000000 0.000000000000 0.000000000000 0.000000000000 0.148182260973 0.000001734673 0.000000000233 0.000000000000 0.000000000223 0.000000000000 0.000000000000 0.000169609249 0.000000010888 0.000108856196 0.941939822025 0.000010208932 0.000000000288 0.698042747166 0.308616677284 0.308614842833 
4.385585739222 4.179354021981 2.689080824181 2.041132597509 0.118454786007 0.000003350547 0.000000000071 0.000000000000 0.000000000000 0.000000000000 0.000000000000 0.000000000000 0.107238685953 0.000000437163 0.000000000015 0.000000000000 0.000000000074 0.000000000000 0.000000000000 0.000018047205 0.000000002410 0.065459653902 1.063414388572 0.000013835739 0.000000001277 0.695457878235 0.414289052724 0.414285627176 
4.575038965780 4.178558932450 2.669909137179 2.075542017858 0.132042905998 0.000000796939 0.000000000220 0.000000000000 0.000000000000 0.000000000000 0.000000000000 0.000000000000 0.131527277758 0.000003796171 0.000000000081 0.000000000000 0.000000000022 0.000000000000 0.000000000000 0.000030726576 0.000000000095 0.005055650693 0.946635506650 0.000026534103 0.000000000047 0.703790434752 0.298357141938 0.298292854689 
4.376900625516 4.078667221305 2.634358069230 2.026174878973 0.155562595580 0.000000087844 0.000000000000 0.000000000000 0.000000000000 0.000000000000 0.000000000000 0.000000000000 0.085386650969 0.000004090535 0.000000000021 0.000000000000 0.000000000009 0.000000000000 0.000000000000 0.000006639717 0.000000000550 0.000102997796 0.993889800048 0.014591197610 0.000000553747 0.759018680727 0.379275104322 0.379269791781 
4.469618767811 4.222619059146 2.808268715641 2.010240452684 0.123084477311 0.000004340049 0.000000000430 0.000000000000 0.000000000000 0.000000000000 0.000000000000 0.000000000000 0.099291812515 0.000001169266 0.000000000044 0.000000000000 0.000000000040 0.000000000000 0.000000000000 0.000034895801 0.000000001414 0.010036595894 0.909138251174 0.000019607376 0.000000001002 0.757198670186 0.384018057756 0.371803079136 
4.460424383490 4.074915727724 2.736106147604 1.905062675375 0.138789207122 0.000013904153 0.000000000334 0.000000000000 0.000000000000 0.000000000000 0.000000000000 0.000000000000 0.092553401251 0.000003012377 0.000000000202 0.000000000000 0.000000000048 0.000000000000 0.000000000001 0.000005528244 0.000000000192 0.000045541658 0.931705108798 0.000007000099 0.000000000216 0.727134143719 0.373209800915 0.373201147595 
4.424300038430 4.072366920585 2.650324401170 2.018456228570 0.147149960060 0.000001027251 0.000000000037 0.000000000000 0.000000000000 0.000000000000 0.000000000000 0.000000000000 0.096170577398 0.000003461240 0.000000000138 0.000000000000 0.000000000201 0.000000000000 0.000000000000 0.000080333329 0.000000001449 0.063184481155 0.807228060061 0.000005410592 0.000000000339 0.664402344212 0.335993676855 0.335993496614 
4.508506109714 4.046619737734 2.698473567630 2.075522563478 0.127480236796 0.000002024791 0.000000000040 0.000000000000 0.000000000000 0.000000000000 0.000000000000 0.000000000000 0.059887249561 0.000000276201 0.000000000005 0.000000000000 0.000000000032 0.000000000000 0.000000000000 0.000006971346 0.000000000273 0.015430402720 0.924536230916 0.000017681566 0.000000001466 0.705236986051 0.363125589260 0.363118035513 
4.530290440809 4.084268872128 2.787955329693 2.026065199866 0.141903723061 0.000001004561 0.000000000027 0.000000000000 0.000000000000 0.000000000000 0.000000000000 0.000000000000 0.055181038951 0.000000975042 0.000000000071 0.000000000000 0.000000000103 0.000000000000 0.000000000000 0.000107832218 0.000000006171 0.016448887731 0.836938340978 0.000014771798 0.000000000025 0.665039968995 0.305205017333 0.305199450692 
4.327070398047 4.163047127941 2.743257781560 2.170397290863 0.118739246746 0.000003148862 0.000000000048 0.000000000000 0.000000000000 0.000000000000 0.000000000000 0.000000000000 0.089793036004 0.000001267812 0.000000000017 0.000000000000 0.000000000038 0.000000000000 0.000000000000 0.000219899337 0.000000008226 0.000176827276 0.943254535449 0.000004370040 0.000000000075 0.693525950899 0.280780628935 0.280780086650 
4.481705103742 4.232948844324 2.749583659769 2.055876711848 0.115252754311 0.000002197422 0.000000000201 0.000000000000 0.000000000000 0.000000000000 0.000000000000 0.000000000000 0.106091204890 0.000000032960 0.000000000001 0.000000000000 0.000000000002 0.000000000000 0.000000000001 0.000032113275 0.000000000069 0.029422049557 0.944361440597 0.000023982255 0.000000001667 0.614799573041 0.319027069002 0.319019234618 
4.379899166008 4.039474113765 2.676870845690 1.987139746966 0.116540778353 0.000002563801 0.000000000011 0.000000000000 0.000000000000 0.000000000000 0.000000000000 0.000000000000 0.076065022879 0.000001646318 0.000000000044 0.000000000000 0.000000000072 0.000000000000 0.000000000000 0.000029198858 0.000000000337 0.000045944734 0.849951493022 0.000006959041 0.000000000331 0.673259156584 0.371240867767 0.371239839135 
4.689484055698 4.396621156354 2.920399427987 2.162356494851 0.156567427469 0.000006862012 0.000000000936 0.000000000000 0.000000000000 0.000000000000 0.000000000000 0.000000000000 0.156415900538 0.000005580017 0.000000000134 0.000000000000 0.000000000078 0.000000000000 0.000000000001 0.000001755014 0.000000000186 0.052244424758 0.986938117508 0.000046075594 0.000000000130 0.666441077023 0.266583316054 0.240462782828 
4.608549503871 4.229967419275 2.772874381388 2.037016328984 0.114116557791 0.000000815224 0.000000000010 0.000000000000 0.000000000000 0.000000000000 0.000000000000 0.000000000000 0.113808263125 0.000005184524 0.000000000185 0.000000000000 0.000000000155 0.000000000001 0.000000000000 0.000017642877 0.000000000616 0.022892787626 1.009223276891 0.000085337917 0.000000000382 0.751002538767 0.417588963940 0.417583778481 
4.462691844179 4.112203156239 2.720974409532 2.062057242709 0.132828077163 0.000006854995 0.000000000084 0.000000000000 0.000000000000 0.000000000000 0.000000000000 0.000000000000 0.120766545259 0.000001569720 0.000000000153 0.000000000000 0.000000000014 0.000000000000 0.000000000000 0.000007722167 0.000000000778 0.000009437007 0.860081541247 0.000044879489 0.000000001390 0.697592800446 0.288600016410 0.288599066242 
4.585018920683 4.108559203543 2.734748974713 2.067468601934 0.121399151936 0.000004695971 0.000000000120 0.000000000000 0.000000000000 0.000000000000 0.000000000000 0.000000000000 0.069225457814 0.000004841424 0.000000000113 0.000000000000 0.000000000006 0.000000000000 0.000000000000 0.000050616330 0.000000000266 0.000033985737 0.882872004622 0.000105328225 0.000000001338 0.648463935238 0.287369528208 0.287362829079 
4.577168936883 4.291926896710 2.756337222770 2.203148245220 0.120155907511 0.000003871026 0.000000000138 0.000000000000 0.000000000000 0.000000000000 0.000000000000 0.000000000000 0.119925275791 0.000004429771 0.000000000212 0.000000000000 0.000000000115 0.000000000000 0.000000000002 0.000059726013 0.000000000668 0.048708307447 0.895509729057 0.000116704653 0.000000001998 0.735709681500 0.323666652812 0.323625596367 
4.580507820896 4.259436685355 2.738708284900 2.083205788746 0.160178481705 0.000004245011 0.000000000006 0.000000000000 0.000000000000 0.000000000000 0.000000000000 0.000000000000 0.159828469681 0.000006441525 0.000000000172 0.000000000000 0.000000000346 0.000000000000 0.000000000000 0.000012377004 0.000000000325 0.000262619933 0.957324881897 0.000057135251 0.000000003168 0.785489512147 0.353199345326 0.353085393338 
4.614411200206 4.287880249991 2.768472139221 2.062397007494 0.087558762553 0.000013316635 0.000000000240 0.000000000000 0.000000000000 0.000000000000 0.000000000000 0.000000000000 0.051611734687 0.000000248240 0.000000000002 0.000000000000 0.000000000017 0.000000000000 0.000000000000 0.000338704565 0.000000003097 0.003074423645 0.998359673811 0.000026539920 0.000000000265 0.753573558277 0.388160328681 0.388148020245 
4.499451207745 4.314771432657 2.819241541649 2.064454363426 0.125451151035 0.000000872163 0.000000000036 0.000000000000 0.000000000000 0.000000000000 0.000000000000 0.000000000000 0.123788379625 0.000007413254 0.000000000209 0.000000000000 0.000000000940 0.000000000000 0.000000000000 0.000013554986 0.000000000893 0.053078070659 0.888806838984 0.000022812968 0.000000000153 0.613709761911 0.390587809440 0.390581603127 
4.409626794214 4.144943534931 2.791536701237 2.177738625340 0.138107630225 0.000002913021 0.000000000186 0.000000000000 0.000000000000 0.000000000000 0.000000000000 0.000000000000 0.080597196524 0.000000093027 0.000000000005 0.000000000000 0.000000000005 0.000000000000 0.000000000000 0.000116930427 0.000000002707 0.053189642068 0.835512384701 0.000028378350 0.000000003889 0.569624329430 0.308728378675 0.308707752196 
4.639064493326 4.121762893542 2.728227087429 2.097882281677 0.105568934522 0.000001442636 0.000000000008 0.000000000000 0.000000000000 0.000000000000 0.000000000000 0.000000000000 0.067625863314 0.000000978789 0.000000000069 0.000000000000 0.000000000024 0.000000000000 0.000000000000 0.000004183953 0.000000000156 0.021096638073 0.992592534832 0.000000227553 0.000000000016 0.697980361830 0.319410643855 0.288714356813 
4.438537050738 4.129556534373 2.738348610240 2.072737306707 0.128560181446 0.000001773126 0.000000000095 0.000000000000 0.000000000000 0.000000000000 0.000000000000 0.000000000000 0.091805439242 0.000005736347 0.000000000468 0.000000000000 0.000000000343 0.000000000000 0.000000000001 0.000002287843 0.000000000026 0.041388210665 0.883279513984 0.000000503304 0.000000000062 0.718395432787 0.294734104945 0.294730749548 
4.532709584926 4.155952773434 2.767592928200 2.074879297741 0.169176731011 0.000005059074 0.000000001380 0.000000000000 0.000000000000 0.000000000000 0.000000000000 0.000000000000 0.164667505945 0.000009165227 0.000000000196 0.000000000000 0.000000000014 0.000000000000 0.000000000000 0.000102060272 0.000000002323 0.000071185806 0.887793341364 0.000005208355 0.000000000233 0.669438235766 0.284842179589 0.284839484338 
4.491958705066 4.157336970488 2.656254313298 2.138586811538 0.097708895792 0.000001323243 0.000000000033 0.000000000000 0.000000000000 0.000000000000 0.000000000000 0.000000000000 0.067116166225 0.000003885789 0.000000000028 0.000000000000 0.000000000199 0.000000000000 0.000000000000 0.000022076507 0.000000002296 0.000088835153 0.866059741804 0.000007659434 0.000000000310 0.640351471448 0.287420497186 0.287419270709 
4.520390172601 4.058776623113 2.670501639602 2.048934917332 0.108474688031 0.000000932969 0.000000000067 0.000000000000 0.000000000000 0.000000000000 0.000000000000 0.000000000000 0.081602727948 0.000000721670 0.000000000013 0.000000000000 0.000000000012 0.000000000000 0.000000000000 0.000029864882 0.000000002649 0.000017561147 0.878902512248 0.000012474399 0.000000001100 0.645237027881 0.237217639297 0.237213298540 
4.547172523520 4.099180623862 2.707975233968 2.036526167460 0.116915101928 0.000000135140 0.000000000018 0.000000000000 0.000000000000 0.000000000000 0.000000000000 0.000000000000 0.110195929756 0.000012232371 0.000000000205 0.000000000000 0.000000001427 0.000000000000 0.000000000000 0.000066879764 0.000000001482 0.000028073626 1.015282388922 0.000003411372 0.000000000804 0.777942993768 0.405469454571 0.405412877604 
4.329927969836 4.112378840834 2.609100103468 1.994151520443 0.127695928520 0.000006447009 0.000000000200 0.000000000000 0.000000000000 0.000000000000 0.000000000000 0.000000000000 0.101443090706 0.000000487835 0.000000000012 0.000000000000 0.000000000054 0.000000000000 0.000000000001 0.000014787615 0.000000002795 0.000045710169 0.978059219016 0.000024866734 0.000000000679 0.686449387388 0.244719314624 0.240560078558 
4.603140719894 4.281660521310 2.789527402205 1.946007320315 0.132042387300 0.000001247655 0.000000000057 0.000000000000 0.000000000000 0.000000000000 0.000000000000 0.000000000000 0.111165480275 0.000001313158 0.000000000007 0.000000000000 0.000000000022 0.000000000000 0.000000000000 0.000081433049 0.000000006409 0.000041547968 0.974065150551 0.000003714401 0.000000000376 0.726398122010 0.313692530836 0.305165295727 
4.454484450955 4.101696771630 2.738045985520 2.237444306033 0.101375396974 0.000005215949 0.000000000056 0.000000000000 0.000000000000 0.000000000000 0.000000000000 0.000000000000 0.052052979270 0.000004982942 0.000000000097 0.000000000000 0.000000000192 0.000000000000 0.000000000001 0.000186419938 0.000000007631 0.002873594243 0.938881317730 0.000010839390 0.000000000964 0.662438233995 0.367705324940 0.367704448262 
4.529256672675 4.148019952639 2.757419617544 2.145875544310 0.109880854598 0.000002460913 0.000000000075 0.000000000000 0.000000000000 0.000000000000 0.000000000000 0.000000000000 0.068135821369 0.000000257965 0.000000000040 0.000000000000 0.000000000029 0.000000000000 0.000000000000 0.000010899832 0.000000000530 0.028494235991 0.888843698589 0.000001106785 0.000000000070 0.664587883106 0.290082815440 0.290081432459 
4.450877930164 4.167236666232 2.766628871698 2.056554403922 0.111726156647 0.000003823420 0.000000000051 0.000000000000 0.000000000000 0.000000000000 0.000000000000 0.000000000000 0.083808407017 0.000001924656 0.000000000019 0.000000000000 0.000000000184 0.000000000000 0.000000000000 0.000060113705 0.000000003353 0.000091264636 0.978727282014 0.000039280299 0.000000000691 0.770466837539 0.319772781120 0.319701077615 
